  6.4797403e+001
  6.5003096e+001
  6.6412530e+001
  6.5816547e+001
  6.6255568e+001
  6.5550012e+001
  6.5703136e+001
  6.6026506e+001
  6.4570610e+001
  5.9924344e+001
  5.6365641e+001
  5.4812648e+001
  5.1014747e+001
  8.0169865e+001
  8.5686698e+001
  8.5020439e+001
  8.5298496e+001
  8.8719531e+001
  9.4037343e+001
  9.3436447e+001
  9.0849060e+001
  8.3453570e+001
  7.5414808e+001
  7.0971091e+001
  7.2315248e+001
  8.2319473e+001
  9.7246006e+001
  9.9946576e+001
  9.9757321e+001
  1.0030830e+002
  1.0278291e+002
  9.6580277e+001
  1.0054504e+002
  9.9680752e+001
  9.6413052e+001
  8.9723900e+001
  8.0285701e+001
  7.6135471e+001
  8.1491547e+001
  8.9015130e+001
  9.3737790e+001
  9.5777191e+001
  9.6306573e+001
  9.4751012e+001
  9.3643468e+001
  8.6635715e+001
  9.0872774e+001
  8.7554442e+001
  8.3677087e+001
  7.7817468e+001
  7.2426511e+001
  6.8608415e+001
  7.0936740e+001
  7.7386273e+001
  7.1345363e+001
  7.8184709e+001
  8.3775021e+001
  9.7049657e+001
  1.0591088e+002
  1.0483449e+002
  1.0157468e+002
  1.0060497e+002
  9.9316981e+001
  9.8838519e+001
  1.0077424e+002
  1.0073739e+002
  9.8059202e+001
  9.4832104e+001
  9.0712261e+001
  8.8941801e+001
  8.8665166e+001
  8.2455045e+001
  7.9150407e+001
  7.6372244e+001
  7.5558865e+001
  7.1510412e+001
  7.7480641e+001
  7.6049233e+001
  7.6274879e+001
  8.7220347e+001
  9.1527402e+001
  8.4773847e+001
  8.5472884e+001
  8.9410562e+001
  9.2735841e+001
  9.1782248e+001
  8.4157347e+001
  7.0791856e+001
  6.0302292e+001
  5.4968623e+001
  6.1352711e+001
  7.7911439e+001
  8.8535760e+001
  9.2901711e+001
  1.0037973e+002
  1.0576084e+002
  1.0589054e+002
  1.0544630e+002
  1.0434668e+002
  1.0493369e+002
  1.0376963e+002
  9.3672395e+001
  8.9230786e+001
  9.1314780e+001
  8.7137521e+001
  8.2321777e+001
  8.0274762e+001
  7.8296861e+001
  7.8495539e+001
  8.5102732e+001
  9.2741102e+001
  9.4562453e+001
  8.5507207e+001
  7.5350153e+001
  7.2459428e+001
  6.0534787e+001
  6.1615369e+001
  6.5668664e+001
  7.9164521e+001
  8.0898945e+001
  6.6567798e+001
  5.6736641e+001
  5.4726511e+001
  6.5512898e+001
  9.3971795e+001
  9.7256782e+001
  9.6863464e+001
  9.8526482e+001
  9.9763930e+001
  1.0014281e+002
  9.8981348e+001
  9.8326289e+001
  9.4789768e+001
  9.1876184e+001
  9.1236556e+001
  9.1265908e+001
  9.0072230e+001
  8.8823989e+001
  8.8043638e+001
  8.6817275e+001
  8.6328340e+001
  8.5320707e+001
  8.3901584e+001
  7.9932312e+001
  7.2351196e+001
  6.3413218e+001
  6.1504739e+001
  6.3269980e+001
  6.5785008e+001
  6.8477007e+001
  6.2970569e+001
  5.5964654e+001
  5.5672894e+001
  5.7141011e+001
  6.0161067e+001
  6.2371684e+001
  6.1367762e+001
  6.3051380e+001
  6.4080506e+001
  6.5865134e+001
  6.6065279e+001
  6.7445837e+001
  6.6331322e+001
  6.6458672e+001
  6.6223480e+001
  6.4110978e+001
  6.7329194e+001
  7.0002029e+001
  6.1514896e+001
  7.6237777e+001
  9.5816849e+001
  1.0380995e+002
  1.0395501e+002
  9.6784233e+001
  8.3084622e+001
  8.1534431e+001
  8.2682159e+001
  7.4557739e+001
  8.7700253e+001
  9.4566207e+001
  9.0068978e+001
  7.4722386e+001
  6.6583179e+001
  5.8445869e+001
  6.8984103e+001
  1.0184780e+002
  1.0735457e+002
  1.0582944e+002
  1.0570144e+002
  1.0653442e+002
  1.0548834e+002
  1.0528524e+002
  1.0367765e+002
  1.0149538e+002
  9.8179360e+001
  9.6530670e+001
  9.6268469e+001
  9.4644001e+001
  9.5983889e+001
  9.4544825e+001
  9.3273228e+001
  9.1077104e+001
  8.8314171e+001
  8.6969574e+001
  8.3679682e+001
  8.2897709e+001
  8.0679113e+001
  7.3809649e+001
  7.0569078e+001
  6.7003590e+001
  6.6031508e+001
  6.3276423e+001
  5.3171882e+001
  5.1007769e+001
  6.3575119e+001
  9.6378540e+001
  1.0385911e+002
  1.0318603e+002
  1.0289228e+002
  1.0142917e+002
  9.9239542e+001
  9.8168684e+001
  9.9468486e+001
  9.9736279e+001
  9.8933567e+001
  9.7011352e+001
  9.4816991e+001
  9.3611246e+001
  9.3309147e+001
  9.2721564e+001
  9.0106248e+001
  8.9551733e+001
  8.7608014e+001
  8.4547189e+001
  8.2089844e+001
  7.9811339e+001
  7.7139247e+001
  7.1431084e+001
  7.1050096e+001
  5.9418116e+001
  5.8275681e+001
  5.9695303e+001
  6.2953471e+001
  5.9664766e+001
  5.0756689e+001
  5.0345871e+001
  4.9893551e+001
  7.8221772e+001
  9.9219671e+001
  9.8472755e+001
  9.8391351e+001
  9.9732428e+001
  1.0087463e+002
  9.8853071e+001
  9.5573504e+001
  9.4246814e+001
  9.2899645e+001
  9.0114626e+001
  8.7119473e+001
  8.3291852e+001
  8.0630639e+001
  7.9047463e+001
  8.0554668e+001
  8.0698668e+001
  8.1349336e+001
  7.9555362e+001
  7.4862811e+001
  6.6623301e+001
  6.4868092e+001
  6.1921988e+001
  6.3058849e+001
  6.4844044e+001
  6.4761364e+001
  6.1497946e+001
  5.9208475e+001
  5.7963239e+001
  5.8624349e+001
  5.3299668e+001
  5.7009601e+001
  5.4485460e+001
  5.2953075e+001
  7.6081946e+001
  7.3979205e+001
  8.8118707e+001
  9.0948039e+001
  8.8050078e+001
  8.1383141e+001
  7.8629610e+001
  8.6207739e+001
  9.3756516e+001
  9.2839745e+001
  8.3053804e+001
  7.5502089e+001
  7.5567669e+001
  6.9890192e+001
  6.6909388e+001
  8.9161663e+001
  1.0723114e+002
  1.0783570e+002
  1.0569735e+002
  1.0348516e+002
  1.0434811e+002
  1.0682343e+002
  1.0358811e+002
  8.6640950e+001
  9.2691086e+001
  9.9954612e+001
  9.5111597e+001
  8.8224749e+001
  8.5085481e+001
  8.3239742e+001
  8.7734784e+001
  9.3504316e+001
  8.8089502e+001
  7.9245671e+001
  6.8229127e+001
  5.8443698e+001
  6.0626616e+001
  7.8815315e+001
  8.9330864e+001
  8.8757378e+001
  7.5431343e+001
  6.5656945e+001
  6.2781899e+001
  5.4899766e+001
  8.0472487e+001
  1.0017039e+002
  9.9508802e+001
  9.8375714e+001
  9.8966793e+001
  9.8157366e+001
  1.0017067e+002
  9.8671395e+001
  9.6985028e+001
  9.6356394e+001
  9.6140504e+001
  9.3977551e+001
  9.2890156e+001
  9.1404753e+001
  9.0691596e+001
  8.7916965e+001
  8.6753202e+001
  8.6530547e+001
  8.4892033e+001
  8.4025919e+001
  8.2344849e+001
  7.7545751e+001
  6.6458420e+001
  6.1456963e+001
  6.2766287e+001
  6.2385128e+001
  6.2269422e+001
  6.4174174e+001
  6.9079604e+001
  7.0132878e+001
  7.1741846e+001
  6.9208087e+001
  6.6493988e+001
  6.8276261e+001
  6.8376911e+001
  6.1007433e+001
  6.0742172e+001
  6.0572495e+001
  5.1994244e+001
  5.0087583e+001
  5.7136823e+001
  7.0970241e+001
  7.0977260e+001
  7.7661408e+001
  8.4341715e+001
  8.5194522e+001
  8.7554660e+001
  7.5181758e+001
  8.2529056e+001
  8.8188485e+001
  8.4697324e+001
  8.4383893e+001
  8.2464468e+001
  7.9741428e+001
  7.9397143e+001
  7.7430823e+001
  7.5404170e+001
  8.1484327e+001
  8.2036935e+001
  7.8203264e+001
  8.7396028e+001
  9.7439925e+001
  1.0063958e+002
  1.0327919e+002
  1.0286315e+002
  1.0011559e+002
  9.7022760e+001
  9.8985123e+001
  1.0216494e+002
  1.0238099e+002
  9.9784399e+001
  9.5738768e+001
  9.0447559e+001
  8.7678962e+001
  8.4754166e+001
  8.4399102e+001
  7.9246657e+001
  7.8699177e+001
  7.7433907e+001
  7.6860183e+001
  7.7513938e+001
  7.5189956e+001
  7.3904045e+001
  7.2218759e+001
  6.5961628e+001
  7.0614328e+001
  6.9043259e+001
  7.8192657e+001
  7.2172669e+001
  7.2875388e+001
  8.8216611e+001
  9.8608410e+001
  9.9082418e+001
  9.8272409e+001
  9.9805877e+001
  9.6234341e+001
  9.5334731e+001
  9.6493239e+001
  9.6060438e+001
  9.4190319e+001
  9.3123339e+001
  9.0077893e+001
  8.5611657e+001
  8.3279857e+001
  8.0620287e+001
  8.0332651e+001
  7.7643565e+001
  7.4931412e+001
  7.5163377e+001
  7.5310674e+001
  7.4190502e+001
  7.2395421e+001
  7.0034426e+001
  6.7829624e+001
  6.1102851e+001
  6.3187143e+001
  7.7174315e+001
  7.6996882e+001
  7.1956700e+001
  8.5115184e+001
  9.4135232e+001
  9.4679916e+001
  9.1185686e+001
  9.1350701e+001
  9.2312611e+001
  9.2321594e+001
  9.1627076e+001
  9.1198033e+001
  8.9022206e+001
  8.8042500e+001
  8.6274227e+001
  8.3934228e+001
  8.2597954e+001
  8.1220926e+001
  8.0151836e+001
  7.5334263e+001
  7.2846581e+001
  6.6030945e+001
  6.2986912e+001
  5.7637676e+001
  5.2340499e+001
  5.2096129e+001
  5.6890842e+001
  5.9783786e+001
  6.0362534e+001
  6.5461996e+001
  6.5088966e+001
  6.3807404e+001
  6.6348800e+001
  6.6362676e+001
  6.4149477e+001
  6.5541342e+001
  6.5522715e+001
  6.6489977e+001
  6.2995647e+001
  6.4516650e+001
  6.2353671e+001
  6.0739147e+001
  6.6728790e+001
  6.7439649e+001
  5.9451595e+001
  8.1522455e+001
  9.5554198e+001
  1.0165484e+002
  1.0213796e+002
  9.9849616e+001
  9.1116751e+001
  7.9766285e+001
  7.7556090e+001
  7.6566331e+001
  7.5338838e+001
  7.5807306e+001
  7.9190345e+001
  8.1114322e+001
  7.7374440e+001
  7.7259772e+001
  7.7114422e+001
  8.4367388e+001
  9.9726747e+001
  1.0266816e+002
  1.0356049e+002
  1.0475993e+002
  1.0495205e+002
  1.0339468e+002
  1.0200799e+002
  1.0081753e+002
  9.7823842e+001
  9.4174581e+001
  9.2751010e+001
  9.3106971e+001
  9.3071813e+001
  9.1943532e+001
  9.1461227e+001
  9.0122885e+001
  8.8970800e+001
  8.4058507e+001
  7.6230193e+001
  7.1062880e+001
  6.5187111e+001
  6.3611795e+001
  6.3388379e+001
  6.9798375e+001
  7.7852180e+001
  7.7515261e+001
  7.8787425e+001
  8.7240341e+001
  1.0018278e+002
  1.0061168e+002
  1.0112706e+002
  9.9748503e+001
  9.8631776e+001
  9.6795402e+001
  9.5691733e+001
  9.6952665e+001
  9.8059054e+001
  9.6780668e+001
  9.4533555e+001
  9.3026507e+001
  9.3055657e+001
  9.0847507e+001
  8.9018103e+001
  8.7952786e+001
  8.6537392e+001
  8.6536712e+001
  8.4616509e+001
  8.3137313e+001
  8.1097585e+001
  7.5805209e+001
  7.0906269e+001
  6.7176633e+001
  6.3802030e+001
  6.3738815e+001
  6.2274468e+001
  6.8245929e+001
  7.1977328e+001
  7.3550783e+001
  8.3531036e+001
  9.4643908e+001
  9.5513020e+001
  9.7030620e+001
  9.6773989e+001
  9.8055654e+001
  9.7009020e+001
  9.4721434e+001
  9.0730926e+001
  9.0801686e+001
  9.0410759e+001
  9.0735719e+001
  8.8333051e+001
  8.1048332e+001
  7.5018173e+001
  7.0275039e+001
  7.7755690e+001
  8.7660643e+001
  9.0778487e+001
  8.4681783e+001
  8.1929659e+001
  8.0267311e+001
  8.9344095e+001
  9.6899666e+001
  9.4968026e+001
  8.7414232e+001
  8.3440777e+001
  8.2891070e+001
  8.3729319e+001
  8.8505492e+001
  9.4957746e+001
  1.0090657e+002
  1.0054444e+002
  1.0264069e+002
  9.1944168e+001
  7.0046091e+001
  7.5709129e+001
  8.7030908e+001
  8.1652025e+001
  7.8974249e+001
  7.9380576e+001
  8.3208612e+001
  7.6429093e+001
  7.2984963e+001
  7.4693084e+001
  8.0587011e+001
  8.7558478e+001
  8.9907511e+001
  9.0290761e+001
  9.1128206e+001
  8.8574332e+001
  8.3053535e+001
  8.4648095e+001
  8.2217085e+001
  8.1112854e+001
  7.8296065e+001
  7.1780566e+001
  6.7450150e+001
  7.7111628e+001
  7.7470694e+001
  8.0679240e+001
  8.3984153e+001
  8.8593900e+001
  9.6401214e+001
  1.0061050e+002
  9.8941539e+001
  9.9598382e+001
  9.8420606e+001
  9.6927098e+001
  9.5734481e+001
  9.5146285e+001
  9.5189770e+001
  9.2581609e+001
  8.9209479e+001
  8.8087827e+001
  8.6297747e+001
  7.9795841e+001
  7.6623406e+001
  7.3542236e+001
  6.9516971e+001
  6.1031438e+001
  5.5319873e+001
  5.4277024e+001
  5.7292003e+001
  6.1686611e+001
  6.4230489e+001
  6.9219375e+001
  7.0954171e+001
  7.0126396e+001
  6.9992417e+001
  6.9477190e+001
  6.8531391e+001
  6.6594878e+001
  6.3396231e+001
  6.1009217e+001
  5.9581371e+001
  5.4881144e+001
  5.0149696e+001
  5.8228245e+001
  7.4778119e+001
  8.6728436e+001
  8.9653631e+001
  8.9278424e+001
  8.1130161e+001
  7.6712196e+001
  8.6583241e+001
  9.1532676e+001
  8.9958115e+001
  8.5264844e+001
  7.7904808e+001
  8.0855966e+001
  9.1569351e+001
  9.5916398e+001
  9.7899579e+001
  9.7486475e+001
  9.7713623e+001
  9.9092172e+001
  9.8261191e+001
  9.4737223e+001
  9.4269530e+001
  9.4262329e+001
  9.6544941e+001
  9.4904173e+001
  9.0404296e+001
  8.5613272e+001
  8.4720129e+001
  8.2971609e+001
  8.9590858e+001
  9.1093108e+001
  7.8334014e+001
  6.8313382e+001
  6.9196617e+001
  6.0921537e+001
  6.0515414e+001
  8.3733931e+001
  9.3744159e+001
  9.4381110e+001
  8.6732060e+001
  7.2172534e+001
  6.6539099e+001
  6.1678262e+001
  8.8148442e+001
  1.0296499e+002
  1.0143277e+002
  9.9802306e+001
  9.9711953e+001
  9.8751853e+001
  1.0070312e+002
  1.0088604e+002
  9.9973237e+001
  9.8861077e+001
  9.6490267e+001
  9.3541238e+001
  9.1307815e+001
  9.0294583e+001
  8.8492051e+001
  8.7080906e+001
  8.7535706e+001
  8.7030048e+001
  8.4116573e+001
  7.7482409e+001
  7.0119524e+001
  6.4544370e+001
  6.2575805e+001
  6.6156288e+001
  7.6799457e+001
  9.4865892e+001
  9.6741333e+001
  9.5031552e+001
  7.8118782e+001
  6.6766150e+001
  6.2649061e+001
  5.9486981e+001
  6.4529921e+001
  8.3294420e+001
  8.7384202e+001
  7.9250713e+001
  6.9448461e+001
  6.4595813e+001
  5.5817767e+001
  6.6916921e+001
  9.9882656e+001
  1.0441139e+002
  1.0229683e+002
  1.0194480e+002
  1.0191839e+002
  9.9328038e+001
  9.8515120e+001
  9.7803021e+001
  9.7943063e+001
  9.7642800e+001
  9.6366070e+001
  9.3592701e+001
  9.1710553e+001
  9.0333902e+001
  8.9366241e+001
  8.7229628e+001
  8.4842208e+001
  8.3435287e+001
  8.2951321e+001
  8.2214638e+001
  8.2894372e+001
  8.0472088e+001
  7.1454697e+001
  6.5293892e+001
  6.4369165e+001
  6.5936500e+001
  6.1839536e+001
  5.3444852e+001
  4.9930387e+001
  5.6405485e+001
  9.0276932e+001
  1.0286664e+002
  1.0160302e+002
  9.9987166e+001
  9.9450802e+001
  9.9820950e+001
  1.0107974e+002
  1.0067613e+002
  9.8180580e+001
  9.5945738e+001
  9.2055668e+001
  9.0903535e+001
  8.6739174e+001
  8.6064736e+001
  8.6646522e+001
  8.3203937e+001
  8.1215151e+001
  7.5782196e+001
  7.9266141e+001
  8.0434987e+001
  7.8301906e+001
  8.0464018e+001
  7.2100810e+001
  6.5854117e+001
  6.2608354e+001
  6.0406179e+001
  6.1652977e+001
  6.3331814e+001
  5.2285162e+001
  5.0412013e+001
  5.3970729e+001
  8.6506130e+001
  9.7361273e+001
  9.6814748e+001
  9.6764080e+001
  9.5693316e+001
  9.3478477e+001
  9.1994816e+001
  8.5893462e+001
  8.7006509e+001
  8.5450669e+001
  8.0528922e+001
  7.9660332e+001
  7.9412533e+001
  7.7509458e+001
  7.5171270e+001
  7.2073544e+001
  6.4121205e+001
  5.9740032e+001
  6.2165921e+001
  5.7203318e+001
  6.0775221e+001
  6.1287510e+001
  5.7029849e+001
  5.4206570e+001
  5.6112551e+001
  5.8126547e+001
  6.1044021e+001
  6.1511150e+001
  6.2886437e+001
  6.5206395e+001
  6.4021192e+001
  6.4002463e+001
  6.4378208e+001
  6.2994227e+001
  6.2184588e+001
  5.9417255e+001
  5.5161563e+001
  5.2321125e+001
  5.1562262e+001
  6.7388209e+001
  7.9940346e+001
  9.1818225e+001
  9.2784225e+001
  9.1165947e+001
  8.8862268e+001
  8.6076011e+001
  9.0307638e+001
  9.1709148e+001
  9.1678379e+001
  9.0901938e+001
  7.3618468e+001
  6.9599654e+001
  8.4533467e+001
  8.3500098e+001
  8.3508856e+001
  9.2305851e+001
  1.0453965e+002
  1.0170513e+002
  1.0013297e+002
  9.8277119e+001
  9.6239750e+001
  9.4742881e+001
  9.1877356e+001
  9.1352550e+001
  9.3585791e+001
  9.9115846e+001
  9.8767044e+001
  9.3803720e+001
  8.7664040e+001
  8.5102055e+001
  8.3545431e+001
  8.7815481e+001
  9.6519429e+001
  9.4736464e+001
  8.4137187e+001
  7.3280092e+001
  7.0984105e+001
  6.7843242e+001
  6.7425866e+001
  8.0982259e+001
  9.1170789e+001
  9.0800117e+001
  7.9696329e+001
  6.8786275e+001
  6.1727279e+001
  5.6228093e+001
  8.5287445e+001
  9.5253758e+001
  9.7423288e+001
  9.8990702e+001
  1.0017373e+002
  9.9349322e+001
  9.9246836e+001
  9.9022539e+001
  9.8937054e+001
  9.7922292e+001
  9.7341776e+001
  9.5940129e+001
  9.4890780e+001
  9.2613630e+001
  9.0060307e+001
  8.7567761e+001
  8.5684931e+001
  8.6076430e+001
  8.5915901e+001
  8.5526746e+001
  8.2817938e+001
  7.8669845e+001
  7.2319264e+001
  7.0156995e+001
  6.7226142e+001
  6.4444000e+001
  6.1096660e+001
  5.9365295e+001
  5.2867771e+001
  5.4368812e+001
  5.7740402e+001
  6.1748275e+001
  6.4597412e+001
  6.5859544e+001
  6.8958132e+001
  6.9306921e+001
  6.7226298e+001
  6.3538527e+001
  6.0498419e+001
  6.0630713e+001
  5.8970148e+001
  7.6186878e+001
  9.4480056e+001
  1.0277362e+002
  1.0275871e+002
  9.6628184e+001
  8.5120784e+001
  7.6328080e+001
  6.8497074e+001
  7.5860023e+001
  9.2789909e+001
  9.3698772e+001
  8.0380648e+001
  7.0328769e+001
  6.2208878e+001
  6.5014441e+001
  9.9670223e+001
  1.0721790e+002
  1.0489269e+002
  1.0544059e+002
  1.0616438e+002
  1.0577701e+002
  1.0593354e+002
  1.0591983e+002
  1.0334875e+002
  1.0184529e+002
  9.8902957e+001
  9.6408710e+001
  9.5727960e+001
  9.2573506e+001
  9.1676265e+001
  9.2055490e+001
  9.1828071e+001
  8.9399347e+001
  8.8289610e+001
  8.6113244e+001
  8.3220345e+001
  7.9164320e+001
  7.2391552e+001
  6.7206395e+001
  6.6552068e+001
  7.1060436e+001
  6.6937168e+001
  5.2386131e+001
  5.0760863e+001
  5.2034510e+001
  8.8435700e+001
  1.0450095e+002
  1.0654488e+002
  1.0649931e+002
  1.0778580e+002
  1.0739302e+002
  1.0669084e+002
  1.0424054e+002
  1.0215515e+002
  9.9401992e+001
  9.9838637e+001
  9.7717430e+001
  9.6788274e+001
  9.5615951e+001
  9.1753709e+001
  8.9901527e+001
  8.7601103e+001
  8.7432176e+001
  8.5419219e+001
  8.3878692e+001
  8.2853478e+001
  8.2936127e+001
  8.1744393e+001
  8.0384755e+001
  7.7412548e+001
  7.1179144e+001
  6.1258422e+001
  6.2043332e+001
  6.5365922e+001
  6.1338695e+001
  5.4464806e+001
  5.0890705e+001
  5.0888993e+001
  8.4278023e+001
  1.0366801e+002
  1.0506167e+002
  1.0499599e+002
  1.0460700e+002
  1.0550581e+002
  1.0572475e+002
  1.0339634e+002
  1.0107912e+002
  9.7782076e+001
  9.7697957e+001
  9.8148911e+001
  9.5688522e+001
  9.2661204e+001
  8.9955427e+001
  8.7718245e+001
  8.2774675e+001
  8.2380737e+001
  8.2431017e+001
  7.9116604e+001
  8.1071596e+001
  7.7984423e+001
  7.9208467e+001
  7.9374209e+001
  7.5032363e+001
  6.7859349e+001
  6.3736697e+001
  5.8522126e+001
  5.7488777e+001
  5.8208800e+001
  5.3468773e+001
  5.0090578e+001
  5.0659373e+001
  7.1567316e+001
  1.0202323e+002
  1.0849750e+002
  1.0711808e+002
  1.0614105e+002
  1.0610921e+002
  1.0443530e+002
  1.0082782e+002
  9.9512327e+001
  9.6816504e+001
  9.5837909e+001
  9.5254897e+001
  9.2460561e+001
  8.9758681e+001
  8.8028297e+001
  8.6578539e+001
  8.5096281e+001
  8.1794793e+001
  7.8669283e+001
  7.7738968e+001
  7.6987920e+001
  7.9259407e+001
  7.6829256e+001
  7.6837815e+001
  7.7468994e+001
  7.4684720e+001
  7.4110886e+001
  6.6674917e+001
  6.0718071e+001
  6.2238217e+001
  6.0270322e+001
  5.5459994e+001
  4.9820884e+001
  4.9889282e+001
  5.0237504e+001
  8.7234853e+001
  1.0287782e+002
  1.0697808e+002
  1.0813777e+002
  1.0729430e+002
  1.0623628e+002
  1.0586571e+002
  1.0429566e+002
  1.0262057e+002
  9.8789066e+001
  9.6001216e+001
  9.4903071e+001
  9.3124645e+001
  9.2037364e+001
  8.9388291e+001
  8.6694035e+001
  8.4510763e+001
  8.3294705e+001
  8.3250537e+001
  8.2773196e+001
  8.2501362e+001
  8.0410288e+001
  7.6327437e+001
  7.1786231e+001
  6.6758711e+001
  5.9686681e+001
  5.7621555e+001
  5.8554425e+001
  6.0092211e+001
  5.2630658e+001
  5.0583922e+001
  4.8385329e+001
  4.9829920e+001
  8.6568431e+001
  1.0452760e+002
  1.0422697e+002
  1.0417782e+002
  1.0574087e+002
  1.0514772e+002
  1.0169389e+002
  1.0059637e+002
  9.9193575e+001
  9.8130732e+001
  9.5440761e+001
  9.4446301e+001
  9.2465766e+001
  9.0210881e+001
  8.8715803e+001
  8.7150373e+001
  8.6593968e+001
  8.5125883e+001
  8.3814442e+001
  8.1150095e+001
  8.0214764e+001
  7.8920412e+001
  7.3878605e+001
  6.3601064e+001
  5.9732854e+001
  5.6834566e+001
  5.8727858e+001
  5.5877322e+001
  4.9807934e+001
  5.0490032e+001
  4.8843834e+001
  7.3592543e+001
  1.0067466e+002
  1.0572276e+002
  1.0491925e+002
  1.0232285e+002
  1.0032517e+002
  9.9979523e+001
  9.8068030e+001
  9.7352209e+001
  9.5883353e+001
  9.3855492e+001
  9.2160580e+001
  8.9893963e+001
  8.8762207e+001
  8.6336546e+001
  8.3858227e+001
  8.2258425e+001
  8.1846346e+001
  8.0736759e+001
  7.9389710e+001
  7.7016110e+001
  7.1521115e+001
  6.3752975e+001
  6.0737442e+001
  6.0715474e+001
  6.5223909e+001
  6.1974768e+001
  6.2421665e+001
  6.0781258e+001
  5.7476635e+001
  5.8227853e+001
  6.1257301e+001
  6.1543284e+001
  6.2157929e+001
  6.2171437e+001
  6.3722596e+001
  6.2922589e+001
  6.5200048e+001
  6.5909553e+001
  6.4496964e+001
  6.3481495e+001
  6.1439532e+001
  5.9315538e+001
  5.9814732e+001
  5.2300353e+001
  5.1801206e+001
  7.4434401e+001
  7.9217934e+001
  8.7920286e+001
  9.0107174e+001
  8.3341336e+001
  8.3241970e+001
  9.0720921e+001
  9.3844897e+001
  9.2118399e+001
  8.2425257e+001
  8.1685266e+001
  8.4000279e+001
  1.0266403e+002
  1.0613182e+002
  1.0355363e+002
  1.0228538e+002
  1.0191964e+002
  1.0180283e+002
  9.9588544e+001
  8.9548743e+001
  8.9007314e+001
  9.2749653e+001
  8.8117640e+001
  8.6249444e+001
  8.6048346e+001
  8.3891144e+001
  8.3464002e+001
  8.5474558e+001
  9.0219623e+001
  9.5778036e+001
  9.9650179e+001
  9.2740931e+001
  8.3985745e+001
  8.1958389e+001
  8.1046657e+001
  9.8186859e+001
  9.6046702e+001
  9.2273965e+001
  8.0019599e+001
  7.3174201e+001
  6.8193740e+001
  7.1307409e+001
  8.6287487e+001
  8.8261625e+001
  9.5441905e+001
  9.9208250e+001
  1.0576177e+002
  1.0526082e+002
  1.0288897e+002
  1.0004217e+002
  9.8936046e+001
  9.7274912e+001
  9.3478048e+001
  8.6499110e+001
  8.3910437e+001
  8.6273888e+001
  8.4351755e+001
  8.1266047e+001
  7.7434650e+001
  7.6999269e+001
  8.1576050e+001
  8.9567557e+001
  9.5141298e+001
  9.1919015e+001
  8.1208274e+001
  6.9200850e+001
  6.7155241e+001
  5.9566184e+001
  5.6511580e+001
  7.4005441e+001
  8.4576675e+001
  8.0645391e+001
  6.9527103e+001
  6.5767231e+001
  6.0950720e+001
  5.3785303e+001
  5.1169074e+001
  8.9138111e+001
  1.0549922e+002
  1.0546504e+002
  1.0541264e+002
  1.0384575e+002
  1.0212298e+002
  1.0397279e+002
  1.0208963e+002
  1.0109961e+002
  9.8538608e+001
  9.6502179e+001
  9.4569925e+001
  9.2707891e+001
  9.0642376e+001
  8.8031199e+001
  8.7237458e+001
  8.6895263e+001
  8.4694916e+001
  8.3015750e+001
  8.0370931e+001
  8.1203875e+001
  8.0673481e+001
  8.0313802e+001
  7.8563292e+001
  7.5510595e+001
  7.1132620e+001
  6.6783171e+001
  6.7128511e+001
  6.5977889e+001
  6.0447914e+001
  5.9316503e+001
  6.0606732e+001
  6.0124857e+001
  5.8847107e+001
  6.1554604e+001
  6.1957595e+001
  6.0975786e+001
  6.1497443e+001
  6.0674059e+001
  6.3482881e+001
  5.9169458e+001
  5.3013118e+001
  5.1138296e+001
  5.1291074e+001
  5.2387427e+001
  5.5728163e+001
  5.2679435e+001
  5.1035700e+001
  5.0007564e+001
  4.9967530e+001
  4.9510639e+001
  4.9623134e+001
